150 1200
150 1199
150 1198
150 1197
150 1196
150 1195
150 1194
150 1193
150 1192
150 1191
150 1190
150 1189
150 1188
150 1187
150 1186
150 1185
150 1184
150 1183
150 1182
150 1181
150 1180
150 1179
150 1178
150 1177
150 1176
150 1175
150 1174
150 1173
150 1172
150 1171
150 1170
150 1169
150 1168
150 1167
150 1166
150 1165
150 1164
150 1163
150 1162
150 1161
150 1160
150 1159
150 1158
150 1157
150 1156
150 1155
150 1154
150 1153
150 1152
150 1151
150 1150
150 1149
150 1148
150 1147
150 1146
150 1145
150 1144
150 1143
150 1142
150 1141
150 1140
150 1139
150 1138
150 1137
150 1136
150 1135
150 1134
150 1133
150 1132
150 1131
150 1130
150 1129
150 1128
150 1127
150 1126
150 1125
150 1124
150 1123
150 1122
150 1121
150 1120
150 1119
150 1118
150 1117
150 1116
150 1115
150 1114
150 1113
150 1112
150 1111
150 1110
150 1109
150 1108
150 1107
150 1106
150 1105
150 1104
150 1103
150 1102
150 1101
150 1100
150 1099
150 1098
150 1097
150 1096
150 1095
150 1094
150 1093
150 1092
150 1091
150 1090
150 1089
150 1088
150 1087
150 1086
150 1085
150 1084
150 1083
150 1082
150 1081
150 1080
150 1079
150 1078
150 1077
150 1076
150 1075
150 1074
150 1073
150 1072
150 1071
150 1070
150 1069
150 1068
150 1067
150 1066
150 1065
150 1064
150 1063
150 1062
150 1061
150 1060
150 1059
150 1058
150 1057
150 1056
150 1055
150 1054
150 1053
150 1052
150 1051
150 1050
150 1049
150 1048
150 1047
150 1046
150 1045
150 1044
150 1043
150 1042
150 1041
150 1040
150 1039
150 1038
150 1037
150 1036
150 1035
150 1034
150 1033
150 1032
150 1031
150 1030
150 1029
150 1028
150 1027
150 1026
150 1025
150 1024
150 1023
150 1022
150 1021
150 1020
150 1019
150 1018
150 1017
150 1016
150 1015
150 1014
150 1013
150 1012
150 1011
150 1010
150 1009
150 1008
150 1007
150 1006
150 1005
150 1004
150 1003
150 1002
150 1001
150 1000
150 999
150 998
150 997
150 996
150 995
150 994
150 993
150 992
150 991
150 990
150 989
150 988
150 987
150 986
150 985
150 984
150 983
150 982
150 981
150 980
150 979
150 978
150 977
150 976
150 975
150 974
150 973
150 972
150 971
150 970
150 969
150 968
150 967
150 966
150 965
150 964
150 963
150 962
150 961
150 960
150 959
150 958
150 957
150 956
150 955
150 954
150 953
150 952
150 951
150 950
150 949
150 948
150 947
150 946
150 945
150 944
150 943
150 942
150 941
150 940
150 939
150 938
150 937
150 936
150 935
150 934
150 933
150 932
150 931
150 930
150 929
150 928
150 927
150 926
150 925
150 924
150 923
150 922
150 921
150 920
150 919
150 918
150 917
150 916
150 915
150 914
150 913
150 912
150 911
150 910
150 909
150 908
150 907
150 906
150 905
150 904
150 903
150 902
150 901
150 900
150 899
150 898
150 897
150 896
150 895
150 894
150 893
150 892
150 891
150 890
150 889
150 888
150 887
150 886
150 885
150 884
150 883
150 882
150 881
150 880
150 879
150 878
150 877
150 876
150 875
150 874
150 873
150 872
150 871
150 870
150 869
150 868
150 867
150 866
150 865
150 864
150 863
150 862
150 861
150 860
150 859
150 858
150 857
150 856
150 855
150 854
150 853
150 852
150 851
150 850
150 849
150 848
150 847
150 846
150 845
150 844
150 843
150 842
150 841
150 840
150 839
150 838
150 837
150 836
150 835
150 834
150 833
150 832
150 831
150 830
150 829
150 828
150 827
150 826
150 825
150 824
150 823
150 822
150 821
150 820
151 819
152 818
153 817
154 816
155 815
156 814
157 813
158 812
159 811
160 810
161 809
162 808
163 807
164 806
165 805
166 804
167 803
168 802
169 801
170 800
171 799
172 798
173 797
174 796
175 795
176 794
177 793
178 792
179 791
180 790
181 789
182 788
183 787
184 786
185 785
186 784
187 783
188 782
189 781
190 780
191 779
192 778
193 777
194 776
195 775
196 774
197 773
198 772
199 771
200 770
201 769
202 768
203 767
204 766
205 765
206 764
207 763
208 762
209 761
210 760
211 759
212 758
213 757
214 756
215 755
216 754
217 753
218 752
219 751
220 750
221 749
222 748
223 747
224 746
225 745
226 744
227 743
228 742
229 741
230 740
231 739
232 738
233 737
234 736
235 735
236 734
237 733
238 732
239 731
240 730
241 729
242 728
243 727
244 726
245 725
246 724
247 723
248 722
249 721
250 720
251 719
252 718
253 717
254 716
255 715
256 714
257 713
258 712
259 711
260 710
261 709
262 708
263 707
264 706
265 705
266 704
267 703
268 702
269 701
270 700
271 699
272 698
273 697
274 696
275 695
276 694
277 693
278 692
279 691
280 690
281 689
282 688
283 687
284 686
285 685
286 684
287 683
288 682
289 681
290 680
291 679
292 678
293 677
294 676
295 675
296 674
297 673
298 672
299 671
300 670
301 669
302 668
303 667
304 666
305 665
306 664
307 663
308 662
309 661
310 660
311 659
312 658
313 657
314 656
315 655
316 654
317 653
318 652
319 651
320 650
321 649
322 648
323 647
324 646
325 645
326 644
327 643
328 642
329 641
330 640
331 639
332 638
333 637
334 636
335 635
336 634
337 633
338 632
339 631
340 630
341 629
342 628
343 627
344 626
345 625
346 624
347 623
348 622
349 621
350 620
351 619
352 618
353 617
354 616
355 615
356 614
357 613
358 612
359 611
360 610
361 609
362 608
363 607
364 606
365 605
366 604
367 603
368 602
369 601
370 600
371 599
372 598
373 597
374 596
375 595
376 594
377 593
378 592
379 591
380 590
381 589
382 588
383 587
384 586
385 585
386 584
387 583
388 582
389 581
390 580
391 579
392 578
393 577
394 576
395 575
396 574
397 573
398 572
399 571
400 570
401 569
402 568
403 567
404 566
405 565
406 564
407 563
408 562
409 561
410 560
411 559
412 558
413 557
414 556
415 555
416 554
417 553
418 552
419 551
420 550
421 549
422 548
423 547
424 546
425 545
426 544
427 543
428 542
429 541
430 540
431 539
432 538
433 537
434 536
435 535
436 534
437 533
438 532
439 531
440 530
441 529
442 528
443 527
444 526
445 525
446 524
447 523
448 522
449 521
450 520
451 519
452 518
453 517
454 516
455 515
456 514
457 513
458 512
459 511
460 510
461 509
462 508
463 507
464 506
465 505
466 504
467 503
468 502
469 501
470 500
471 499
472 498
473 497
474 496
475 495
476 494
477 493
478 492
479 491
480 490
481 489
482 488
483 487
484 486
485 485
486 484
487 483
488 482
489 481
490 480
491 479
492 478
493 477
494 476
495 475
496 474
497 473
498 472
499 471
500 470
501 469
502 468
503 467
504 466
505 465
506 464
507 463
508 462
509 461
510 460
511 459
512 458
513 457
514 456
515 455
516 454
517 453
518 452
519 451
520 450
521 449
522 448
523 447
524 446
525 445
526 444
527 443
528 442
529 441
530 440
531 439
532 438
533 437
534 436
535 435
536 434
537 433
538 432
539 431
540 430
541 429
542 428
543 427
544 426
545 425
546 424
547 423
548 422
549 421
550 420
551 419
552 418
553 417
554 416
555 415
556 414
557 413
558 412
559 411
560 410
561 409
562 408
563 407
564 406
565 405
566 404
567 403
568 402
569 401
570 400
571 399
572 398
573 397
574 396
575 395
576 394
577 393
578 392
579 391
580 390
581 389
582 388
583 387
584 386
585 385
586 384
587 383
588 382
589 381
590 380
591 379
592 378
593 377
594 376
595 375
596 374
597 373
598 372
599 371
600 370
601 369
602 368
603 367
604 366
605 365
606 364
607 363
608 362
609 361
610 360
611 359
612 358
613 357
614 356
615 355
616 354
617 353
618 352
619 351
620 350
621 349
622 348
623 347
624 346
625 345
626 344
627 343
628 342
629 341
630 340
631 339
632 338
633 337
634 336
635 335
636 334
637 333
638 332
639 331
640 330
641 329
642 328
643 327
644 326
645 325
646 324
647 323
648 322
649 321
650 320
651 319
652 318
653 317
654 316
655 315
656 314
657 313
658 312
659 311
660 310
661 309
662 308
663 307
664 306
665 305
666 304
667 303
668 302
669 301
670 300
671 299
672 298
673 297
674 296
675 295
676 294
677 293
678 292
679 291
680 290
681 289
682 288
683 287
684 286
685 285
686 284
687 283
688 282
689 281
690 280
691 279
692 278
693 277
694 276
695 275
696 274
697 273
698 272
699 271
700 270
701 269
702 268
703 267
704 266
705 265
706 264
707 263
708 262
709 262
710 262
711 262
712 262
713 262
714 262
715 262
716 262
717 262
718 262
719 262
720 262
721 262
722 262
723 262
724 262
725 262
726 262
727 262
728 262
729 262
730 262
731 262
732 262
733 262
734 262
735 262
736 262
737 262
738 262
739 262
740 262
741 262
742 262
743 262
744 262
745 262
746 262
747 262
748 262
749 262
750 262
751 262
752 262
753 262
754 262
755 262
756 262
757 262
758 262
759 262
760 262
761 262
762 262
763 262
764 262
765 262
766 262
767 262
768 262
769 262
770 262
771 262
772 262
773 262
774 262
775 262
776 262
777 262
778 262
779 262
780 262
781 262
782 262
783 262
784 262
785 262
786 262
787 262
788 262
789 262
790 262
791 262
792 262
793 262
794 262
795 262
796 262
797 262
798 262
799 262
800 262
801 262
802 262
803 262
804 262
805 262
806 262
807 262
808 262
809 262
810 262
811 262
812 262
813 262
814 262
815 262
816 262
817 262
818 262
819 262
820 262
821 262
822 262
823 262
824 262
825 262
826 262
827 262
828 262
829 262
830 262
831 262
832 262
833 262
834 262
835 262
836 262
837 262
838 262
839 262
840 262
841 262
842 262
843 262
844 262
845 262
846 262
847 262
848 262
849 262
850 262
851 262
852 262
853 262
854 262
855 262
856 262
857 262
858 262
859 262
860 262
861 262
862 262
863 262
864 262
865 262
866 262
867 262
868 262
869 262
870 262
871 262
872 262
873 262
874 262
875 262
876 262
877 262
878 262
879 262
880 262
881 262
882 262
883 262
884 262
885 262
886 262
887 262
888 262
889 262
890 262
891 262
892 262
893 262
894 262
895 262
896 262
897 262
898 262
899 262
900 262
901 262
902 262
903 262
904 262
905 262
906 262
907 262
908 262
909 262
910 262
911 262
912 262
913 263
914 264
915 265
916 266
917 267
918 268
919 269
920 270
921 271
922 272
923 273
924 274
925 275
926 276
927 277
928 278
929 279
930 280
931 281
932 282
933 283
934 284
935 285
936 286
937 287
938 288
939 289
940 290
941 291
942 292
943 293
944 294
945 295
946 296
947 297
948 298
949 299
950 300
951 301
952 302
953 303
954 304
955 305
956 306
957 307
958 308
959 309
960 310
961 311
962 312
963 313
964 314
965 315
966 316
967 317
968 318
969 319
970 320
971 321
972 322
973 323
974 324
975 325
976 326
977 327
978 328
979 329
980 330
981 331
982 332
983 333
984 334
985 335
986 336
987 337
988 338
989 339
990 340
991 341
992 342
993 343
994 344
995 345
996 346
997 347
998 348
999 349
1000 350
